5 0
6 1
7 2
8 3
9 4
10 5
11 6
12 7
13 8
14 9
16 10
17 11
19 12
21 13
23 14
24 15
26 16
27 17
28 18
33 19
34 20
36 21
38 22
40 23
42 24
46 25
47 26
58 27
60 28
61 29
62 30
63 31
74 32
77 33
78 34
79 35
84 36
86 37
87 38
92 39
93 40
94 41
95 42
96 43
97 44
104 45
105 46
106 47
108 48
109 49
110 50
111 51
112 52
113 53
114 54
115 55
117 56
118 57
119 58
120 59
121 60
122 61
124 62
142 63
143 64
144 65
145 66
146 67
147 68
148 69
150 70
152 71
155 72
156 73
158 74
159 75
160 76
163 77
164 78
165 79
166 80
167 81
168 82
170 83
171 84
172 85
173 86
174 87
175 88
176 89
177 90
178 91
179 92
182 93
183 94
184 95
185 96
186 97
187 98
188 99
189 100
190 101
191 102
192 103
193 104
194 105
195 106
196 107
197 108
198 109
199 110
200 111
201 112
203 113
205 114
206 115
207 116
208 117
209 118
211 119
212 120
213 121
217 122
220 123
221 124
222 125
223 126
224 127
229 128
230 129
231 130
232 131
234 132
235 133
237 134
238 135
241 136
243 137
244 138
245 139
246 140
247 141
251 142
252 143
253 144
255 145
259 146
